000111111111000000000111000111000111111000111111000111111111000111111
000111111111000000000111000111000111111000111111000111111111000111111
000111111111000000000111000111000111111000111111000111111111000111111
000111111111000111000111000000000111000111000111000111111111000111111
000111111111000111000111000000000111000111000111000111111111000111111
000111111111000111000111000000000111000111000111000111111111000111111
000111111111000111000111111000111111000000000111000111111111000111111
000111111111000111000111111000111111000000000111000111111111000111111
000111111111000111000111111000111111000000000111000111111111000111111
000111111111000111000111111000111111000111000111000111111111000111111
000111111111000111000111111000111111000111000111000111111111000111111
000111111111000111000111111000111111000111000111000111111111000111111
000000000111000000000111111000111111000111000111000000000111000000000
000000000111000000000111111000111111000111000111000000000111000000000
000000000111000000000111111000111111000111000111000000000111000000000
111111111111111111111111111111111111111111111111111111111111111111111
111111111111111111111111111111111111111111111111111111111111111111111
111111111111111111111111111111111111111111111111111111111111111111111
000000110000001100110011000000110011001100000011000001100000011000000
000000110000001100110011000000110011001100000011000001100000011000000
001100110011001100000011001100110011001111001111001111100110011001111
001100110011001100000011001100110011001111001111001111100110011001111
001111110011001100110011000011110011001111001111000001100001111110011
001111110011001100110011000011110011001111001111000001100001111110011
001100110011001100110011001111110011001111001111001111100110011111100
001100110011001100110011001111110011001111001111001111100110011111100
000000110000001100110011001111110000001111001111000001100110011000000
000000110000001100110011001111110000001111001111000001100110011000000
